weakly supervised I
Ground truth
[[ 1.658  5.323  0.458]
 [ 6.215 10.253  2.499]
 [ 6.227 10.392  3.143]
 [ 5.872 14.048  0.532]
 [ 2.966  6.699  0.641]
 [ 3.96  10.217  0.1  ]
 [ 3.985 11.132  0.635]]

GCN 
 [[ 1.107  6.009  0.133]
 [-3.488 10.191 -0.173]
 [-3.488 11.764 -0.173]
 [-3.488  2.634 -0.173]
 [ 0.24   9.403  0.144]
 [-1.156  7.061 -0.171]
 [-1.247 13.052 -0.173]]

 MLP w/ E
 [[ 0.212  5.36   0.124]
 [-0.578 10.268  0.478]
 [-0.578 10.449 -0.173]
 [-1.432 10.279 -0.173]
 [ 0.568  9.594  0.642]
 [-1.856 12.322  0.086]
 [-0.349 13.166 -0.173]]

 MLP W/o E
 [[ 1.200e+00  1.770e-01 -7.100e-02]
 [-3.489e+00 -4.311e+00 -8.800e-02]
 [-3.489e+00 -4.311e+00 -1.010e-01]
 [-3.489e+00 -3.022e+00 -7.800e-02]
 [-2.700e-02 -1.425e+00 -3.600e-02]
 [-3.489e+00 -3.018e+00  2.000e-03]
 [-3.489e+00 -4.311e+00 -6.300e-02]]

Heurstic
 [[-0.04   0.461  0.125]
 [ 0.791  1.737  0.411]
 [ 0.521  2.014  0.739]
 [ 0.958  0.576  0.078]
 [-0.045 -0.316  0.064]
 [ 0.275 -1.511 -0.287]
 [ 0.123 -1.61  -0.064]]

GTN
 [[-0.011  1.664 -0.018]
 [ 0.314 -2.606 -0.173]
 [ 0.458 -4.32  -0.173]
 [ 0.148 -4.32  -0.173]
 [ 0.089 -0.953 -0.008]
 [-0.259 -4.32  -0.054]
 [-0.337 -4.32  -0.068]]