Ground truth
[[ 1.657  5.354  0.458]
 [ 6.217 10.316  2.499]
 [ 6.229 10.441  3.143]
 [ 5.87  14.137  0.531]
 [ 2.967  6.744  0.641]
 [ 3.961 10.259  0.1  ]
 [ 3.984 11.216  0.635]]


 GCn:
 [[ 2.1530e+00  6.1660e+00 -1.7300e-01]
 [-3.4890e+00  6.0870e+00 -1.7300e-01]
 [-3.4890e+00  5.2360e+00 -1.7300e-01]
 [-3.4890e+00 -4.3300e+00 -1.7300e-01]
 [ 1.1000e-02  7.6670e+00  1.3000e-01]
 [-3.4890e+00  1.0625e+01 -2.9000e-02]
 [-3.4890e+00  5.0000e-03 -1.7300e-01]]

 MLP w/E
 [[ 0.595  6.5    0.209]
 [-3.489  5.438 -0.173]
 [-3.489 10.313 -0.173]
 [-3.489 -4.331 -0.173]
 [ 0.312  8.458  0.839]
 [ 0.211 11.558 -0.269]
 [-3.489  7.218 -0.173]]
 
 MLP w/o E
 [[ 3.487  0.182 -0.049]
 [-3.487 -4.331 -0.173]
 [-3.487 -4.331 -0.173]
 [-3.487 -4.331 -0.173]
 [ 0.009 -4.331 -0.173]
 [-3.487 -4.331 -0.119]
 [-3.487 -4.331 -0.173]]

Heurstic
 [[-0.376  1.017  0.544]
 [ 0.796  0.825  0.815]
 [ 1.282  4.142  0.253]
 [ 0.139 -0.405  0.081]
 [ 0.115 -0.487  0.089]
 [-0.101 -0.163 -0.298]
 [-0.054  0.786 -0.106]]

GTN
 [[ 1.056 -1.191 -0.05 ]
 [ 0.186 -0.78  -0.163]
 [ 0.261 -4.324 -0.163]
 [-0.895 -4.324 -0.119]
 [-0.057 -1.309 -0.033]
 [-0.43  -3.226  0.05 ]
 [-0.489 -4.324 -0.101]]